0 0.679225 0.908140 0.190181 0.046512
1 0.841499 0.904070 0.068217 0.045349
2 0.666822 0.833140 0.082687 0.047674
3 0.820827 0.832558 0.072351 0.044186
4 0.677158 0.777907 0.078553 0.046512
5 0.829096 0.774419 0.076486 0.041860
6 0.680258 0.719767 0.084755 0.048837
7 0.830129 0.718023 0.066150 0.045349
8 0.686460 0.659884 0.080620 0.047674
9 0.832196 0.662209 0.066150 0.043023
10 0.683359 0.602326 0.082687 0.044186
11 0.833230 0.606395 0.080620 0.043023
12 0.687494 0.548837 0.074419 0.041860
13 0.829096 0.552326 0.072351 0.041860
14 0.686460 0.493023 0.080620 0.041860
15 0.822894 0.500581 0.072351 0.040698
16 0.687494 0.444767 0.074419 0.038372
17 0.818760 0.450581 0.072351 0.040698
18 0.684393 0.397093 0.076486 0.038372
19 0.743307 0.624419 0.409302 0.651163